72,11,-28,85,-65,20,-104,124
72,6,-29,121,-59,18,-9,-68
72,6,-29,121,-59,19,42,-57,52
72,6,-29,114,39,-31,62,83
72,6,-29,114,39,-31,62,83
72,6,-29,121,-59,18,-9,-68
72,6,-29,121,-59,18,-9,-68
72,6,-29,114,39,-31,62,83
72,6,-29,114,39,-31,62,83
72,6,-29,121,-59,18,-9,-68
72,6,-29,121,-59,18,-9,-68
72,6,-29,114,39,-31,62,83
72,6,-29,114,39,-31,62,83
72,6,-29,121,-59,18,-9,-68
72,6,-29,121,-59,18,-9,-68
72,6,-29,114,39,-31,62,83
72,6,-29,114,39,-31,62,83
72,6,-29,121,-59,18,-9,-68
72,6,-29,121,-59,18,-9,-68
72,6,-29,114,39,-31,62,83
72,6,-29,114,39,-31,62,83
72,6,-29,121,-59,18,-9,-68
72,6,-29,121,-59,18,-9,-68
72,6,-29,114,39,-31,62,83
72,6,-29,114,39,-31,62,83
72,6,-29,121,-59,18,-9,-68
72,6,-29,121,-59,18,-9,-68
72,6,-29,114,39,-31,62,83
72,6,-29,114,39,-31,62,83
72,6,-29,121,-59,18,-9,-68
72,6,-29,121,-59,18,-9,-68
72,6,-29,114,39,-31,62,83
72,6,-29,114,39,-31,62,83
72,6,-29,121,-59,18,-9,-68
72,6,-29,121,-59,18,-9,-68
72,6,-29,114,39,-31,62,83
72,6,-29,114,39,-31,62,83
72,6,-29,121,-59,18,-9,-68
72,6,-29,121,-59,18,-9,-68
72,6,-29,114,39,-31,62,83
72,6,-29,114,39,-31,62,83
72,6,-29,121,-59,18,-9,-68
72,6,-29,121,-59,18,-9,-68
72,6,-29,114,39,-31,62,83
72,6,-29,114,39,-31,62,83
72,6,-29,121,-59,18,-9,-68
72,6,-29,121,-59,18,-9,-68
72,6,-29,114,39,-31,62,83
72,6,-29,114,39,-31,62,83
72,6,-29,121,-59,18,-9,-68
72,6,-29,121,-59,18,-9,-68
72,6,-29,114,39,-31,62,83
72,6,-29,114,39,-31,62,83
72,6,-29,121,-59,18,-9,-68
72,6,-29,121,-59,18,-9,-68
72,6,-29,114,39,-31,62,83
72,6,-29,114,39,-31,62,83
72,6,-29,121,-59,18,-9,-68
72,6,-29,121,-59,18,-9,-68
72,6,-29,114,39,-31,62,83
72,6,-29,114,39,-31,62,83
72,6,-29,121,-59,18,-9,-68
72,6,-29,121,-59,18,-9,-68
72,6,-29,114,39,-31,62,83
72,6,-29,114,39,-31,62,83
72,6,-29,121,-59,18,-9,-68
72,6,-29,121,-59,18,-9,-68
72,6,-29,114,39,-31,62,83
72,6,-29,114,39,-31,62,83
72,6,-29,121,-59,18,-9,-68
72,6,-29,121,-59,18,-9,-68
72,6,-29,114,39,-31,62,83
72,6,-29,114,39,-31,62,83
72,6,-29,121,-59,18,-9,-68
72,6,-29,121,-59,18,-9,-68
72,6,-29,114,39,-31,62,83
72,6,-29,114,39,-31,62,83
72,6,-29,121,-59,18,-9,-68
72,6,-29,121,-59,18,-9,-68
72,6,-29,114,39,-31,62,83
72,6,-29,114,39,-31,62,83
72,6,-29,121,-59,18,-9,-68
72,6,-29,121,-59,18,-9,-68
72,6,-29,114,39,-31,62,83
72,6,-29,114,39,-31,62,83
72,6,-29,121,-59,18,-9,-68
72,6,-29,121,-59,18,-9,-68
72,6,-29,114,39,-31,62,83
72,6,-29,114,39,-31,62,83
72,6,-29,121,-59,18,-9,-68
72,6,-29,121,-59,18,-9,-68
72,6,-29,114,39,-31,62,83
72,6,-29,114,39,-31,62,83
72,6,-29,121,-59,18,-9,-68
72,6,-29,121,-59,18,-9,-68
72,6,-29,114,39,-31,62,83
72,6,-29,114,39,-31,62,83
72,6,-29,121,-59,18,-9,-68
72,6,-29,121,-59,18,-9,-68
72,6,-29,114,39,-31,62,83
72,6,-29,114,39,-31,62,83
72,6,-29,121,-59,18,-9,-68
72,6,-29,121,-59,18,-9,-68
72,6,-29,114,39,-31,62,83
72,6,-29,114,39,-31,62,83
72,6,-29,121,-59,18,-9,-68
72,6,-29,121,-59,18,-9,-68
72,6,-29,114,39,-31,62,83
72,6,-29,114,39,-31,62,83
72,6,-29,121,-59,18,-9,-68
72,6,-29,121,-59,18,-9,-68
72,6,-29,114,39,-31,62,83
72,6,-29,114,39,-31,62,83
72,6,-29,121,-59,18,-9,-68
72,6,-29,121,-59,18,-9,-68
72,6,-29,114,39,-31,62,83
72,6,-29,114,39,-31,62,83
72,6,-29,121,-59,18,-9,-68
72,6,-29,121,-59,18,-9,-68
72,6,-29,114,39,-31,62,83
72,6,-29,114,39,-31,62,83
72,6,-29,121,-59,18,-9,-68
72,6,-29,121,-59,18,-9,-68
72,6,-29,114,39,-31,62,83
72,6,-29,114,39,-31,62,83
72,6,-29,121,-59,18,-9,-68
72,6,-29,121,-59,18,-9,-68
72,6,-29,114,39,-31,62,83
72,6,-29,114,39,-31,62,83
72,6,-29,121,-59,18,-9,-68
72,6,-29,121,-59,18,-9,-68
72,6,-29,114,39,-31,62,83
72,6,-29,114,39,-31,62,83
72,6,-29,121,-59,18,-9,-68
72,6,-29,121,-59,18,-9,-68
72,6,-29,114,39,-31,62,83
72,6,-29,114,39,-31,62,83
72,6,-29,121,-59,18,-9,-68
72,6,-29,121,-59,18,-9,-68
72,6,-29,114,39,-31,62,83
72,6,-29,114,39,-31,62,83
72,6,-29,121,-59,18,-9,-68
72,6,-29,121,-59,18,-9,-68
72,6,-29,114,39,-31,62,83
72,6,-29,114,39,-31,62,83
72,6,-29,121,-59,18,-9,-68
72,6,-29,121,-59,18,-9,-68
72,6,-29,114,39,-31,62,83
72,6,-29,114,39,-31,62,83
72,6,-29,121,-59,18,-9,-68
72,6,-29,121,-59,18,-9,-68
72,6,-29,114,39,-31,62,83
72,6,-29,114,39,-31,62,83
72,6,-29,121,-59,18,-9,-68
72,6,-29,121,-59,18,-9,-68
72,6,-29,114,39,-31,62,83
72,6,-29,114,39,-31,62,83
72,6,-29,121,-59,18,-9,-68
72,6,-29,121,-59,18,-9,-68
72,6,-29,114,39,-31,62,83
72,6,-29,114,39,-31,62,83
72,6,-29,121,-59,18,-9,-68
72,6,-29,121,-59,18,-9,-68
72,6,-29,114,39,-31,62,83
72,6,-29,114,39,-31,62,83
72,6,-29,121,-59,18,-9,-68
72,6,-29,121,-59,18,-9,-68
72,6,-29,114,39,-31,62,83
72,6,-29,114,39,-31,62,83
72,6,-29,121,-59,18,-9,-68
72,6,-29,121,-59,18,-9,-68
72,6,-29,114,39,-31,62,83
72,6,-29,114,39,-31,62,83
72,6,-29,121,-59,18,-9,-68
72,6,-29,121,-59,18,-9,-68
72,6,-29,114,39,-31,62,83
72,6,-29,114,39,-31,62,83
72,6,-29,121,-59,18,-9,-68
72,6,-29,121,-59,18,-9,-68
72,6,-29,114,39,-31,62,83
72,6,-29,114,39,-31,62,83
72,6,-29,121,-59,18,-9,-68
72,6,-29,121,-59,18,-9,-68
72,6,-29,114,39,-31,62,83
72,6,-29,114,39,-31,62,83
72,6,-29,121,-59,18,-9,-68
72,6,-29,121,-59,18,-9,-68
72,-122,13,59,27,-52,-13,-75,21,-2,27,-79,61,-65,65,116,-63,33,126,94,-1,-116,99,-44
72,-122,53,-79,-126,-17,126,-11,73,122,-72,-127,-51,65,-26,-6,10,117,89,-46,-115,-97,4,-29,83,-91,-91,5,-101,61,20,-64
72,-128,61,87,99,-90,-68,-123,-122,-21,-108,-23,-104,-109,-23,25,-76,-18,-45,-28,38,58,-24,47,96,127,-63,-100,-99,-87,-115,-13,-128,53,-97,71,-48
72,-127,90,-50,-59,120,74,-71,-68,92,-124,-10,-4,-116,11,25,-82,46,40,-28,42,-104,105,83,23,-68,114,97,33,-91,-33,35,72,25,32,14,-63,63,5,111,17,31,-103,-18,-16,-83,-122,97,91,87,-1,-120
72,-124,50,21,-8,7,-63,111,-121,-104,-124,-51,112,-19,-53,-20,-52,54,1,-28,-107,-75,-5,-101,-127,-113,61,-10,-124,91,-115,-55,-3,59,91,114,-95,-108,-54,22,-7,83,-31,-101,-100,-125,-4,-59,74,-31,-111,10,-125,116,-111,-27,-11,-37,114,28,-32,45,-43,124
72,-88,-7,-76,71,-67,-75,-114,112,114,36,-54,101,-57,52,113,-95,-76,67,-11,92,-23,-35,47,-18,-34,-33,11,50,-25,-78,30,-46,-95,-98,77,-100,40,107,105,13,-2,5,86,-119,-118,-5,-48,-112,-55,86,127,-120,29,-62,-79,90,-10,-52,-125,94,-51,-128
72,-91,45,-33,96,-94,-49,26,83,-59,-53,-45,88,81,-49,-57,-28,3,-122,76,116,112,84,-121,10,35,75,-115,-28,-16,-19,-20,101,72,120,71,-66,120,-84,-22,-32,-68,108,28,-127,80,-31,114,17,-79,20,-96,-8,-9,-96,15,-112,-128,116,49,81,56,-83,-97,76,-49,74,-48
72,-93,-97,119,-88,-77,119,-99,-120,-77,-113,-55,45,46,120,-117,-63,88,36,-45,-76,94,95,84,76,-45,100,52,-19,-97,9,-59,49,116,69,5,-99,50,-84,63,-112,123,-102,-98,-9,43,-92,45,35,-56,73,-29,97,-37,28,106,99,42,118,124,-101,105,28,-66
72,-85,-23,-19,-19,87,86,-121,-37,-112,68,-106,59,121,59,4,-94,44,-93,-76,27,-80,-116,76,-60,111,-31,-89,19,25,52,-36,52,-33,26,22,25,115,92,91,83,110,-7,-26,9,-128,36,-58,124,75,-12,-74,-105,0,-16,-105,98,17,73,112
72,-90,-25,-106,74,9,-110,102,-4,-52,69,-117,62,-14,110,8,60,-95,-43,98,-120,-44,20,111,-57,9,-96,1,-45,89,-50,-45,-7,-74,38,-98,3,127,68,70,-48,123,-18,79,31,-9,97,8,-68,-86,-21,28,-89,-81,33,49,-10,40,-45,-83,-74,-123,-47,-111,-27,103,-13,-57
72,-79,101,9,57,126,11,-124,101,-103,-57,7,117,17,-116,-5,33,-89,60,16,-86,12,51,-122,92,39,-127,14,22,-29,11,122,34,-124,-9,0,-127,-88,78,-106,-83,109,112,29,-14,-99,42,27,9,-38,-114,115,35,24,-128
72,-82,84,101,-65,-13,76,-76,1,-9,67,2,91,-90,-10,48,-51,-72,11,-104,15,112,57,-21,-39,62,-123,24,80,13,-125,87,2,-27,79,86,-32,25,114,86,74,72,-4,78,-95,108,22,-104,-88,59,-108,107,19,-95,17,-9,-3,64
72,-85,25,71,52,43,-97,26,45,-38,39,114,-61,-74,-120,66,126,59,-69,-63,45,74,-72,70,-103,-5,119,-46,104,-116,-77,-55,-104,-14,-14,-12,38,87,37,-28,-65,-24,-54,109,-25,81,76,55,106,61,18,20,94,82,27,-120,118,31,26,-99,-6,74,-16,-3,97
72,-90,111,37,42,24,-55,48,45,-13,-63,63,-127,52,-1,-59,109,114,18,53,-128,107,20,-49,-103,-125,-18,42,51,-86,-88,36,-102,6,100,76,123,48,-126,-60,81,-76,22,9,3,-5,-89,66,5,-5,34,-2,70,100,56,-2,-17,-65,58,116
72,-90,2,28,65,70,-3,113,70,84,-85,-49,-61,37,-64,-37,81,-111,-40,-71,-73,-92,-123,21,-105,86,122,-106,113,6,-85,35,-18,-123,-87,-118,-108,102,111,-106,21,3,19,-7,99,64,106,-122,-81,-53,34,24,-28,115,-115,-3,-27,-63,-54,52,-4
72,-81,98,-79,62,51,-37,-103,-93,-111,-24,41,-120,-11,36,3,-67,-90,100,-36,3,-44,-97,-63,-105,-11,85,-121,115,9,35,-80,-60,39,-8,71,29,-22,-90,50,6,-96,71,-95,-64,11,113,64,14,20,-56,114,-18,-3,27,113,-73,71,95,96
72,-76,-20,15,-5,38,115,6,88,-115,-31,-13,45,82,-56,0,50,97,-25,65,66,-61,-68,60,-63,7,-92,-71,22,58,-79,-14,103,113,-111,-85,-68,-13,116,117,-89,89,-62,-40,-80,102,-76,-2,6,113,-127,36,-83,36,-63,-75,91,-56
72,-81,-44,27,-28,47,-63,-24,-127,-10,-119,121,-55,86,59,-45,-65,108,61,-11,8,95,-78,-34,40,115,-37,-18,17,81,63,-107,98,59,65,14,-50,-59,41,1,126,84,105,-128
72,-82,98,-92,27,-42,55,1,117,66,-102,-26,107,47,58,2,-15,-76,-109,-86,11,33,-58,91,112,69,-5,-24,44,122,-53,48,105,-28,103,-35,-38,30,93,65,13,50,-102,49,103,42,-62,-39,124,-18,-104,64
72,-84,-55,-17,58,85,-111,7,-127,80,52,-26,-124,68,39,47,-39,34,76,1,-9,52,117,-114,-32,-123,-8,22,39,-58,-84,-10,-117,80,78,-106,-100,69,124,-61,66,-68,-82,18,113,-119,-56,88,-4,-42,-117,40
72,-87,105,-36,47,-5,16,116,36,51,73,108,115,-78,-118,-16,91,-53,-79,107,53,39,40,-6,-91,-61,-26,-114,-104,118,116,51,-28,-18,74,-102,-48,-63,50,-121,-109,1,-109,-44,-115,67,28,-87,26,7,26,13,-64
72,-74,97,-127,123,-75,55,72,-42,70,-75,97,73,-98,-35,-9,-105,120,28,28,47,-71,75,46,-66,-38,107,-24,112,-7,-16,-19,43,-118,-82,-16,-8,-88,111,-5,24,-41,-118,119,19,-112,25,-8,17,-111,-5,-99,111,-42,65,90,-88
72,-75,-96,-79,126,38,97,-16,8,110,50,112,-83,78,-84,119,-71,-72,-42,-76,-53,35,-81,96,37,110,71,30,90,122,-78,-29,-5,-42,-46,45,121,-35,47,77,-6,7,11,125,44,112,-71,-68,-27,-126,-125,-89,97,-4,30,16
72,-84,-32,30,3,-93,111,82,72,-31,82,10,-7,-117,-93,117,-122,-99,67,1,-3,-45,83,-55,-7,112,34,-34,85,-107,-64,-10,-109,-81,-32,-113,-22,-12,-86,100,-51,56,113,-2,-24,-9,40,-54,-89,23,79
72,-87,-117,72,18,110,-72,49,47,-53,118,5,28,30,10,-70,-70,50,100,71,-118,-60,102,-56,-7,-56,16,-79,-51,35,79,-80,-98,80,-48,-58,68,110,73,99,-34,70,-102,90,-30,18,117,32,-114,108,82,59,-76,-111
72,-91,-26,72,113,-100,-11,-70,-116,12,106,61,-9,-27,51,107,3,-124,-89,10,-108,109,81,70,-113,-65,63,123,7,66,-49,-109,-75,96,109,57,83,121,-94,-84,-36,-91,-123,-76,-54,33,77,121,-42,124,-37,91,-27
72,-92,59,-103,83,49,-81,91,120,-79,88,-44,-105,50,30,117,-30,66,-63,-45,34,104,-1,75,99,-66,24,-8,-26,103,34,-2,105,-90,100,-18,7,-95,9,90,-69,61,58,54,125,73,-16,100,50,-47,78,-96,-51,-16,-39,-23,7,-70,-24
72,-91,125,-71,-13,-115,-52,91,-80,76,63,-53,53,-49,39,-23,81,-86,72,-99,-64,112,0,-5,-49,19,65,-45,-72,13,122,74,49,-61,63,65,20,-122,78,32,39,113,-106,-50,25,2,-108,51,41,-115,-13
72,-78,-64,-47,91,-78,-38,-16,67,118,6,22,6,-36,126,9,95,-92,-19,10,-98,-5,-14,-1,-70,75,37,-21,-6,-94,33,-126,-15,40,40,39,-84,95,126,17,-86,88,-44,125,66,39,78,119,-26,-9,-55,-76,-82,96,-82
72,-84,94,111,-70,-36,-69,49,-115,117,-49,-104,116,-55,-46,34,-88,28,37,-14,-16,44,98,-79,-122,-125,90,1,106,97,124,-72,108,8,30,48,100,105,95,84,-93,114,-32,-47,90,-22,13,78,-25,-8,-78,112
72,-87,95,-102,95,49,31,-19,-117,-58,-128,18,83,45,-5,-30,-29,-76,15,105,125,-9,12,-55,29,-119,-47,-120,-47,-62,85,20,-66,-88,114,79,-30,-124,62,-123,-96,10,-77,89,109,-40,-110,105,-83,-47,95,-9,-106,79,42,-31,35,-127,104
72,-89,-35,70,-55,126,122,84,-76,-126,48,87,101,-75,-55,-93,18,38,87,-127,-47,-51,2,99,90,83,89,11,-85,-111,91,82,104,83,-36,41,113,51,-115,-61,120,58,77,85,-67,46,-65,-103,-107,0,94,-96,-18,-56
72,-89,-35,71,111,69,112,94,-122,-6,78,13,90,-122,71,83,47,-77,-116,114,105,59,96,114,-101,68,22,79,-95,-17,49,-26,82,-92,42,118,-113,-80,-40,3,58,90,16,-66,-126,30,50,-17,24,86,-27,-23,-52,-101,-35,-4,29,104
72,-89,-41,54,-57,-128,56,31,-11,-53,-70,18,24,86,-6,119,35,3,-118,-2,-55,105,87,-52,24,-88,-25,65,115,-96,39,39,-84,9,-102,60,-26,-25,74,99,-105,-30,-65,-23,-113,-97,-38,84,-63,-64,-65,-45,64
72,-90,-107,-103,11,-28,-17,-86,-115,123,-124,-83,-80,25,-14,2,16,56,-99,-16,102,-21,63,-49,53,90,-72,-71,-68,-115,-112,127,-5,-112,56,119,-48,-31,-91,124,122,-44,32,-8,-53,-77,29,85,-38,-31,-80
72,-72,44,98,-82,-43,84,-15,94,82,42,8,-89,10,64,-100,37,-27,-85,-40,-16,32,61,-61,-13,98,-55,-45,-23,-32,-12,42,-1,-13,-87,6,-23,3,127,-61,96,-128
72,-80,7,-43,-126,54,54,-1,-116,-59,-3,18,29,-80,-78,58,-12,23,49,-75,-12,-92,-70,122,-10,-127,-54,41,42,108,12,49,-108,69,-113,6,24,10,126,70,28,95,120
72,-86,-64,27,51,90,-89,120,-53,-55,-31,98,-82,-115,98,-114,-91,-115,51,51,78,32,-5,-127,55,-97,-111,48,91,-95,-70,64,-127,44,-49,3,1,114,-80,83,-81,62,88,71,36,-71,-17
72,-87,-99,-75,24,122,116,21,120,50,31,35,114,-102,22,124,-34,-79,-69,4,24,-116,-71,19,-72,-119,84,-80,-39,-84,-92,120,-127,-14,-19,-28,-60,11,-106,117,-32,-114,-98,-22,-32
72,-87,60,52,-116,-121,80,17,-122,26,-70,-2,60,22,117,-40,49,6,-83,-26,-121,-43,62,78,22,20,87,-8,28,-16,-9,-63,-128,-13,123,74,-38,45,31,76,52
72,-90,48,51,83,-114,-10,-125,-97,69,-45,-89,-113,-115,-93,-88,88,111,-78,-20,-99,38,-18,-124,-51,81,-32,-31,-76,-34,-97,-120,-14,-29,72,-60,35,1,18,-118,-51,-2
72,-91,39,36,29,119,-30,-23,-18,83,-118,-58,-44,80,57,69,-53,-120,78,103,-128,-113,112,118,74,-81,59,77,-88,-52,48,-33,-114,-63,22,-116,-24,11,-96,68,-109,104,-83,58,6,-68,-23,96,5,-96
72,-81,86,56,-69,32,48,-37,-10,-108,-122,86,-99,39,-122,-75,81,-107,113,114,17,55,-66,-17,-97,-112,-57,64,21,-79,-37,98,37,-15,-92,57,117,71,40,55,6,-126,-43,4,-50,62,-87,-40
72,-87,13,87,9,62,18,-23,-2,112,-37,-111,58,-67,-54,91,-87,88,-61,22,89,5,-19,-5,-28,28,-64,48,-38,-11,-11,-68,-127,-53,45,68,-114,-57,-73,-71,-79,-128
72,-89,-40,-19,6,-20,-27,-47,110,-114,-120,-70,61,-128,-75,-124,-50,0,-24,-102,50,4,121,86,-18,89,-117,123,-28,-68,9,-90,-44,-114,112,-2,127,-118,14,77,-21,-70,80,-128
72,-89,-40,-69,60,117,-25,76,-120,39,-87,6,24,-4,26,-74,66,103,-74,60,-85,103,-8,-111,14,36,98,88,-40,-98,29,-46,40,100,108,-32,62,25,110,87,-55,-82,-14,83,124,-21,-128
72,-89,-78,-60,36,44,31,-89,-95,14,-18,55,-95,-63,-60,-112,97,107,-63,22,63,-30,-98,62,-105,-47,127,40,-23,-84,-20,62,-6,97,-30,-18,91,-113,120,-18,118,76,-128
72,-90,97,113,68,-110,67,-58,-21,-8,-19,29,-67,-76,-111,-16,-37,-115,64,-65,-18,-21,-26,14,-107,60,64,45,-77,117,20,-73,-10,124,21,-20,-12,97,-108,-99,95,49,20
72,-72,44,98,98,-65,-12,85,-16,67,-119,65,60,19,-125,80,-66,125,-101,-92,64,-69,117,-60,-121,2,-90,-27,94,63,-87,-112,-84,56,92,-26,-69,-96,81,74,120
72,-83,-14,-52,-12,-77,-10,-23,68,-91,121,-81,3,-18,75,110,73,27,-67,122,46,-117,-123,113,-88,62,78,-116,-116,-40,95,10,-99,72,89,-19,-12,43,-41,-36,-50,16
72,-87,-99,-82,-15,-11,54,-49,-64,85,-44,15,121,-28,-115,40,-4,-30,20,2,-67,-76,-122,-80,-60,84,11,25,83,61,-101,-11,100,-6,-74,-66,38,-61,25,109,-2,115,61,54,-57,41,58,110,-60,-49,64
72,-88,-9,-50,123,117,74,61,-70,-59,20,-118,-70,-16,53,-36,31,56,94,9,22,36,124,9,-113,-116,92,-94,-44,-106,-81,-39,-85,62,-122,-111,69,-74,73,88
72,-90,111,74,86,-3,-5,-46,-109,-19,-128,111,-58,-120,-55,42,-88,-25,-105,11,12,28,-105,16,88,126,104,-102,-21,-11,10,72,51,-17,22,56,18,-97,32
72,-91,39,39,24,-107,-38,102,-54,-103,-95,-64,31,-7,78,-41,-27,-8,30,32,-46,90,-116,1,20,107,-8,-58,105,102,35,-91,71,-93,93,30,117,76,-55,101,37,106,124,-108,56,-29,39,11,111
72,-91,12,-108,38,-7,93,92,86,7,82,11,5,29,-56,126,54,117,26,-16,-11,-92,-65,-105,-98,-3,-65,57,-27,19,70,-64,-107,49,-76,5,-97,-19,72,4,62,13,-1,-113,110,-5,34,88
72,-71,16,-20,-89,66,0,-111,-118,121,32,-14,-7,67,64,-31,107,3,-54,88,-33,84,-66,35,106,-89,125,-33,-25,-108,91,115,-82
72,-83,-13,27,93,99,-84,88,-58,3,-81,119,120,16,-38,-97,-22,-127,-85,64,101,-49,-33,-85,29,-54,84,-8,-21,-107,78,-34,35,18,-111,103,94,-89,31,-83,96
72,-89,90,-102,39,-128,-57,-37,-56,-33,31,4,-67,35,-51,122,73,69,-90,27,67,89,119,114,-33,76,1,48,-3,-128,-9,-64,39,-49,-81,-75,-24,73,-122,-32,-66,-90,-124,49,57,-84,-7,109,-61,22,127,-128
72,-90,72,5,44,-128,-112,65,-69,-125,-126,-102,-104,-58,64,104,3,113,88,71,10,67,-16,94,8,-100,-102,-28,61,9,109,86,100,-128,69,119,-67,-82,124,5,98,9,38,8,-1,-76,118,35,85
72,-92,-23,-124,-43,97,-72,-91,83,-31,96,51,-61,-74,-63,-44,17,51,-29,-87,-62,30,111,-99,-38,-1,-65,-109,54,84,-2,93,-49,102,60,-84,4,-126,-51,-69,-107,53,-46,-70,7,-25,-89,16,-74,-34,-52,-64
72,-93,-34,-78,61,-62,121,-71,118,-128,40,116,81,34,123,-31,67,103,-77,-52,-47,49,-110,94,-31,31,-1,51,-65,12,100,25,-56,-50,-95,115,46,104,108,-69,-17,120,-29,-38,94,92,25,-108,-20,-128
72,-93,-97,116,33,-39,-18,65,37,0,10,-44,60,-115,-90,-67,109,64,-42,-81,-122,34,115,-60,65,-74,-84,26,-122,-93,8,-121,56,121,-28,99,3,-40,-94,-103,122,-88,-77,7,109,-101,104,47,-39,-116,112
72,-72,41,-84,-55,-35,27,71,-123,-14,93,105,-44,-95,-90,-37,-39,-97,-119,-104,-112,-71,-126,-111,-108,94,90,-63,-75,55,112,-111,52,-83,67,-98,114,-92,-74,-90,10,52,-33,117
72,-84,49,-59,27,10,-85,-53,-53,75,-1,-3,-113,-73,55,-74,-41,123,39,104,-104,-125,-6,115,-38,89,-124,-41,27,103,7,103,103,73,-18,-88,-21,127,-110,61,4,42,60,114,-29,-70,61,-4,-98,-43,5,-51,3,91,16,40,-69,-61,-57
72,-94,-105,8,-84,34,-80,-49,81,39,-20,76,-85,-9,-4,53,113,77,55,29,127,103,-53,42,117,-23,-82,-83,111,-54,-117,114,102,-23,-128,-92,21,78,-70,-1,16
72,-94,42,-80,20,120,32,-7,-87,96,-38,33,122,61,-110,76,30,-69,-29,24,-12,-37,-41,-64,-65,27,-79,-2,97,-84,123,-95,-63,75,-9,116,-12,-31,-95,52,-37,-80
72,-95,77,-8,-43,71,104,-50,42,-126,-92,-90,-85,-31,108,0,99,-96,71,-50,87,-90,3,87,58,82,-14,103,106,72,-49,74,79,-60,124,-125,-11,49,71,65,83,70,94,-108,114,-87,97,-58,77,-99,-42,117
72,-96,-36,60,-12,-124,86,92,-23,-67,-25,57,-89,106,-57,-51,-72,-38,-11,38,6,-76,41,16,24,-84,-109,33,-27,59,-125,-2,117,-109,-128,88,-90,76,-69,72,-126,-113,-81,-41,120
72,-97,-62,17,-127,81,-67,-55,107,-31,-60,-87,18,-56,-102,-39,-24,72,79,90,36,3,-32,3,33,-35,-101,108,43,8,-99,63,8,123,55,-94,-31,-113,32,108,31,93,16
72,-91,117,-114,-3,6,-112,-71,108,-76,-109,118,13,-60,-36,71,-21,-36,-65,111,-106,2,-97,52,-50,9,111,-58,40,-65,-47,-96,100,89,-85
72,-120,-89,80,25,-56,-21,39,63,-128,-11,-21,-11,76,110,59,-56,-46,79,-55,43,22,25,21,-59,122,63,-8,91,-30,-58,100,-4,-40,-45,99,-29,119
72,-120,94,74,-39,95,56,-40,-38,24,-12,-44,-12,65,-40,116,98,-86,-121,42,108,125,104,70,-41,121,-78,24,-122,48,110,-91,30,-21,-19,12,-25,113,28,-29,9
72,-120,97,-97,-28,-97,123,65,-63,-75,-63,-120,104,60,-72,58,108,-43,-47,86,90,14,64,124,-17,14,-12,-95,-44,87,-49,123,22,98,15,72
72,-120,76,105,121,-91,-13,-44,-49,56,-34,124,17,-79,71,79,-101,-115,-17,-43,-99,61,-6,9,-8,35,-74,62,-108,50,92,-15,-105,-60,-61,39,91,8
72,-128,-104,-112,103,33,40,-60,-108,-51,-18,-126,-40,19,-89,-128,-20,88,61,-33,-3,-85,-75,41,55,27,-113,84,-106,-104,10,-6,12,-123,-108,89,77,20,113
72,-128,-127,35,69,102,-117,-95,-12,-49,85,-90,14,-103,26,79,108,-125,-39,22,77,-49,-33,-98,-28,-6,-70,8,-102,16,69,-80,-41,123,-43,18
72,-121,124,-14,-55,-46,-99,52,38,101,102,-15,-38,121,-15,125,37,55,-7,115,-3,-50,-93,-15,-100,-15,-108,31,-33,38,82,-66,-23,90,-117,-1,102,-41,-78,85
72,-127,87,-88,-102,-28,13,72,115,-91,65,15,-1,54,0,-95,-38,-113,-30,117,121,-35,-29,12,-79,-18,-14,-128
72,-122,-44,-112,80,-41,60,-86,-45,-101,51,-30,3,-62,-80,79,-19,-98,-41,120,-8,123,91,-105,-43,0,-35,85,-24,72,-42,-54,119,67
72,-122,-44,-112,48,93,35,66,104,-74,106,74,-78,82,-55,83,70,-120,-72,101,-25,55,41,-120,10,50,-54,-114,-52,46,30,0,53,15,-89,96
72,27,-69,78,19,59,-124,17,47,70,46,123,-116,83,24,92,61,83,-55,4,115,79,-41,66,106,-22,99,-10,106,-103,-106
72,4,11,-75,-84,63,-67,98,-23,72,18,78,27,121,51,-52,-52,-123,25,106,50,-120
72,21,115,-66,-119,-83,125,-35,40,87,-111,-71,57,-102,123,45,-89,-48,24,94,85,-25,-110,17,-80,4
72,21,113,-71,-32,82,-15,5,-27,116,-23,108,-102,-72,110,-36,97,0,-11,13,-4,80,32
72,18,76,-71,-40,-52,106,52,67,-80,-49,59,9,50,-33,-11,1,-103,-108,43,126,72,51,11,-55,88
72,18,91,-88,-123,91,-63,-106,-50,17,1,-47,-46,-83,-96,-10,-124,-87,102,-76,-36,-90,-80
72,15,54,-87,11,120,80,-11,97,-125,36,-72,56,63,39,124,95,6,-28,-20,-44,71,50,52,-6,-114,51,-73,64
72,14,-127,46,63,-101,100,90,-33,-17,23,12,62,-60,68,71,-45,78,5,28,71,-48,100,-13,29,4,30
72,11,85,36,-86,-70,100,-76,71,-55,-124,-17,-86,59,-111,-96
72,11,53,-66,-47,-119,81,-111,104,-88,63,25,-28,-88,25,-98,29,76,114
72,7,-123,-16,-26,-121,-48,-128
72,6,-29,121,-59,18,-9,-68
72,6,-29,114,39,-31,62,83
72,6,-29,114,39,-31,62,83
72,6,-29,121,-59,18,-9,-68
72,6,-29,121,-59,18,-9,-68
72,6,-29,114,39,-31,62,83
72,6,-29,114,39,-31,62,83
72,6,-29,121,-59,18,-9,-68
72,6,-29,121,-59,18,-9,-68
72,6,-29,114,39,-31,62,83
72,6,-29,114,39,-31,62,83
72,6,-29,121,-59,18,-9,-68
72,6,-29,121,-59,18,-9,-68
72,6,-29,114,39,-31,62,83
72,6,-29,114,39,-31,62,83
72,6,-29,121,-59,18,-9,-68
72,6,-29,121,-59,18,-9,-68
72,6,-29,114,39,-31,62,83
72,6,-29,114,39,-31,62,83
72,6,-29,121,-59,18,-9,-68
72,6,-29,121,-59,18,-9,-68
72,6,-29,114,39,-31,62,83
72,6,-29,114,39,-31,62,83
72,6,-29,121,-59,18,-9,-68
72,6,-29,121,-59,18,-9,-68
72,6,-29,114,39,-31,62,83
72,6,-29,114,39,-31,62,83
72,6,-29,121,-59,18,-9,-68
72,6,-29,121,-59,18,-9,-68
72,6,-29,114,39,-31,62,83
72,6,-29,114,39,-31,62,83
72,6,-29,121,-59,18,-9,-68
72,6,-29,121,-59,18,-9,-68
72,6,-29,114,39,-31,62,83
72,6,-4,53,-54,35,6,53,92,51,66,89,61,46,-80
72,10,-51,-93,-108,47,-49,29,61,-96,-8,14,101,-57,-127,30,-52,-26,93,41,-66,32
72,13,34,20,-34,104,108,69,19,27,109,5,-92,119,30,-34,45,-114,105,-84,33,-57,-128
72,-122,34,-36,-87,-8,97,-31,-61,-88,1,-35,105,58,65,-80,-65,-70,44,4,-120,-100,122,14,-30,-7,-83,7,23,-60,13,-17,120,56,54,25,-98,-128
72,-128,99,123,72,37,61,122,105,77,-109,50,-46,26,-66,-127,-120,-92,113,127,15,76,-94,-107,-106,17,11,-112,-55,-9,-74,-38,-122,-3,-89,18,-6,13,-24,27,-96,18,102,38,97,5,72
72,-126,-119,98,71,116,-103,-113,-37,101,-78,-68,56,-40,16,-37,35,-89,-112,1,54,-43,12,127,-6,107,114,-56,15,20,-75,100,8,-27,-113,-112,-97,79,-122,9,-119,-23,94,-125,15,-29,-17,-6,-98,27,80,-38,89,-128
72,-124,1,37,65,121,7,98,45,116,-29,57,91,-47,-74,-110,98,91,9,70,-100,-56,112,19,-96,1,-39,80,115,18,17,120,53,40,-105,90,67,60,9,66,-60,-98,75,-25,-31,-59,71,-49,47,-93,-121,-31,6,79,90,-31,-70,78
72,-90,100,-116,-66,-30,-53,-26,-43,101,72,-89,-62,31,112,-116,-81,122,124,102,23,28,115,0,-73,-89,-72,88,-80,96,26,63,3,-22,34,12,122,-2,-27,40,-25,-46,89,33,-25,31,104,65,107,58,-78,34,114,50,-96,-90,-66,67,46,-43,-76,-106,32,-64
72,-78,-69,-72,16,86,-98,-19,-122,-47,-83,75,25,-116,-50,-45,-45,39,-20,99,91,88,-102,-117,68,126,-32,5,108,-25,-82,49,-16,47,63,39,-79,13,-113,-73,33,27,-4,80,-119,98,52,93,-85,50,39,-25
72,-92,-99,-25,42,95,-61,107,-114,-114,125,106,-43,43,-83,55,-4,-110,-86,-34,27,-119,116,-99,106,-99,24,80,67,98,-1,-17,84,40,70,87,16,-61,102,-13,113,-26,-121,-12,-127,64,56,37,-18,-112,-26,-20,-38,59,-128
72,-94,-89,14,-96,92,114,121,-46,-23,72,51,-25,-54,39,115,-49,107,115,-72,-45,-49,-11,111,-74,-13,112,-28,109,-73,118,-80,-44,64,-122,25,64,-71,-97,96,-65,-19,-54,21,-28,100,26,31,16,122,-78,4,71,99,58,25,5,82,108,100,-76,-126
72,-86,69,-48,124,28,-72,-125,93,6,28,-127,-3,-74,-41,-85,111,-37,-87,-37,-5,-108,-44,92,-5,-119,-66,26,-60,-48,-42,-35,96,113,26,103,100,-73,-51,-65,-59,-35,116,-2,-122,70,-111,110,-70,79,116,50,120,120,-3,-1,-27,86,44,-110,119,-3,-76,111,80
72,-81,-61,-17,39,1,48,-80,95,18,120,5,-65,-72,-9,-107,-68,87,126,86,-105,106,-94,-116,68,-30,90,14,-34,-96,105,70,37,19,-5,73,-5,87,-100,118,-93,50,-50,-12,-69,52,24,22,-53,-116,14,-22,-40,88,-97,24,-70,11,102,-79,8
72,-84,-81,-44,34,-69,-109,-63,20,-67,-91,123,96,117,72,-68,-36,39,-112,-98,-102,-107,22,18,98,65,-54,105,-119,41,-5,85,-128,21,-41,-67,107,2,77,-125,24,119,103,-93,-62,-89,96,109,-69,37,13,-68,-91,40,34,8,3,72,8,-58,-75,-64
72,-73,62,-49,-20,-47,94,50,-49,102,59,-79,-8,50,92,-118,77,-94,-109,-23,-99,85,-44,-49,71,1,115,-88,-106,49,-48,38,-77,5,38,101,-105,109,-90,-51,-101,-128
72,-88,-51,-108,4,-36,-96,-9,68,45,44,41,-50,-2,-86,61,-52,6,18,-114,-118,72,19,-8,-74,-38,76,-84,-95,107,-81,35,-53,15,108,6,55,71,4,-4,53,-128,6,55,-79,-78,-105,-73,4,-93,98,74,-49,-32
72,-93,110,-16,6,7,-87,-118,-42,-48,-89,-20,88,-73,15,43,29,26,-88,-9,66,-69,-71,100,-116,86,-34,-33,-113,-10,45,-116,127,-122,-18,-110,95,-128,-34,6,10,-35,33,-106,35,-107,26,-87,-90,-11,21,-126,-89,17,121,103,30,-120,-72,-122
72,-88,-100,-73,70,-44,42,10,2,-119,-118,-12,103,71,-72,-54,-111,-96,-89,85,47,108,83,37,-127,25,-123,-115,-72,-77,-30,120,-56,-61,73,119,-36,-60,102,-65,11,-86,-54,-127,-18,3,39,-43,36,19,-91,-77,-113,28,13
72,-77,110,-93,-76,41,97,31,68,90,-72,-58,-84,27,22,-119,-122,-126,49,-105,-42,-115,-73,60,113,82,-3,57,-18,-55,55,75,104,87,65,42,121,90,-36,-80,-41,80,-30,124,89,-53,6,-55,84,74,-106,41,-8,-35,15,-14,-75,14,-96
72,-82,94,94,-97,-17,-62,100,-69,-93,-70,57,77,21,-127,65,55,-64,62,-119,124,108,-58,23,91,12,37,68,91,-68,-77,-48,-18,93,-43,14,76,-79,-109,-41,13,114,-65,28,104,-68,-92,-76,11,1,122,32
72,-75,105,21,-11,-100,-69,18,56,96,-48,106,95,114,-56,7,-5,-58,-110,47,-20,59,-99,126,92,-40,7,-16,121,52,-23,-72,54,-125,67,-103,-65,99,32,36,-15,91,2,60,-62,-44,32,37,-74,-53,-64
72,-91,35,5,28,-20,-108,-2,113,-14,11,-55,53,115,-24,-92,96,16,67,-128,107,101,2,72,-60,44,-101,120,-12,-24,-126,82,-25,-95,98,89,76,57,-79,39,-26,41,4,4,78,-3,56,125,18,-89,126,-127,-51,-6,-112,59,-48
72,-90,-95,71,-80,96,-90,100,88,-16,84,61,83,-13,90,51,11,-6,5,-91,85,75,-70,-114,86,-81,-20,-87,-85,94,81,-101,86,68,64,29,-120,95,38,-27,-125,51,85,63,92,110,29,1,51,16,-41,-107,-79,31,20,103,-68,62,-19,-86,-80
72,-79,14,-22,28,-25,99,92,-41,-102,52,-123,68,73,-10,108,4,13,21,61,-35,-62,92,-4,79,-122,25,-89,76,-83,79,-32,-95,-24,59,0,-58,4,-30,43,12,5,-48,67,124,-82,42,116,-94,-107,-78,44,114,-119,64
72,-79,114,-111,105,-28,110,79,31,99,-5,-18,-74,79,-108,7,81,49,-67,-96,122,72,113,-85,22,-18,99,61,-64,11,125,-106,-101,-6,-52,-124,-30,-115,-74,-91,-119,-2,11,-119,-108,117,-66,25,-34,71,107,-2,12,-97,18,105,70
72,-84,-89,-124,61,126,-117,-44,-29,45,-42,-92,89,-46,36,-117,-118,-79,-38,-114,-99,-40,5,-111,44,-43,26,71,0,57,123,59,98,91,-21,11,105,89,59,-49,-9,-99,58,-8,95,-78,-13,-74,-25,-14,-78,101,-60,55,-34,96
72,-81,65,-40,24,-31,-82,-120,122,-45,-49,-22,-46,-13,-49,1,-58,8,-127,109,117,107,65,-99,-1,73,114,-25,-64,-24,56,-81,-61,80,82,72,11,32,-109,120,123,-9,10,-64,-30,44
72,-93,113,105,51,109,-97,63,-24,114,-90,27,-110,16,-103,103,38,5,51,-112,81,-85,-48,125,10,113,-109,95,47,-34,-69,11,76,-26,56,-18,76,58,-50,-68,-90,-76,-58,-68,114,-108,-123,-33,-66
72,-94,-99,53,-82,-37,81,-87,-73,-74,2,0,13,120,95,71,97,-24,119,-98,84,-58,1,118,98,24,-41,90,-1,-3,-20,-39,41,19,114,-123,-108,-78,-5,22,-17,-62,111,-60,-78,13,-3,122,-7,61,14,-71,28,-88,-116
72,-125,-100,29,-103,112,-1,1,42,42,-36,-21,37,58,116,-123,-100,-33,-95,-38,73,87,100,13,-93,-101,-97,-92,-9,-13,-70,-32,-105,-73,-55,-86,-71,127,21,15,117
72,-79,98,8,16,-7,74,-56,-50,-30,119,-28,31,33,-99,123,106,-51,-121,18,-92,-70,63,-41,-29,126,100,81,-9,48,72,-108,126,-63,-82,30,-9,-20,89,-4,121,72,108,35,-39,-13,-69,12,-11,-83,-90,79,102,63,39,-42,-51,-85,54,-52
72,-86,-68,-48,-29,-95,-33,-28,-90,45,50,89,-18,26,-76,-53,-11,46,124,-20,-23,21,125,74,-21,-11,-63,83,-41,-58,119,56,22,-74,-91,93,98,-54,-67,-87,127,40,-25,-103,-10,110,41,-9,-2
72,-87,62,47,-42,11,-68,10,-55,12,38,58,-126,-108,-107,-111,56,53,20,121,-49,4,-54,75,-44,11,-25,15,94,-74,90,-73,-112,-117,-78,41,-127,30,79,-108,23,-2,-61,-71,-85,69,-96,-28,-55,62,-74,2,-17,80
72,-88,84,118,-31,90,82,78,30,15,28,-114,70,-78,-7,14,-44,86,83,-75,-84,67,-21,48,-72,-99,-88,-96,31,96,66,53,73,-22,-127,113,29,-88,39,29,121,-60,68,98,5,-92,-53,-58,-20,23,31,-72,96,-96,97,-54,84,-29,-126,106,48
72,-91,82,58,0,5,126,123,-88,-122,-114,82,-116,-73,-21,108,16,83,-56,-19,-122,-13,0,68,-47,39,-13,-65,-102,-5,-101,-95,104,68,-58,-100,37,46,87,-11,-25,-87,-86,-1,-71,-4,118,31,86,-15,-8,92
72,-78,-67,80,25,-109,23,77,-84,-67,73,8,-68,-87,84,-112,55,59,16,-8,-16,127,104,-126,-77,39,-22,-67,118,-2,39,-63,-62,-114,55,96,-5,-127,-58,-114,78,80,121,20,17,-35,111,-85,32
72,-76,-20,24,-57,2,115,-82,108,85,-26,58,116,33,-7,-102,-91,86,-47,-81,-19,-106,-102,94,-17,-113,60,51,-85,95,-1,61,87,12,9,-66,90,-21,-13,63,122,42,96,80,84,-110,-75,-76,-122,-128
72,-80,104,-9,-101,-26,-36,-97,114,99,-9,25,-28,-42,-78,-53,-93,-53,2,59,112,40,36,-109,92,59,112,63,95,50,-23,-40,-2,-105,-5,75,42,-103,-34,18,-48
72,-82,22,104,85,17,-60,10,-81,80,12,-53,-59,-71,-56,-91,-68,-90,-54,-61,-25,-62,-123,-56,125,-127,-93,-30,-12,-96,29,-9,-64,-106,49,94,-54,25,97,40,3,124,-36,88,-72,-16,123,-28,48
72,-74,93,-30,80,52,109,81,-61,-39,102,-93,-30,82,30,65,-29,-31,-4,-88,-126,119,116,-37,99,70,-68,56,-38,54,-81,-2,-77,48,-38,12,-103,64
72,-86,-125,91,-98,34,64,-32,-3,-80,-76,105,-86,-21,-76,115,86,91,50,-63,41,-37,16,-36,-57,22,-22,-96,12,19,69,34,-5,70,72,76,7,85,87,-40,-92,16,16,-12,-117,-53,-103,-107,62,-122,-105,74,-8,-110,96
72,-79,15,24,117,120,-74,-125,-123,-11,-59,-31,-87,103,-18,-4,76,41,13,125,55,-23,-18,102,-49,-4,39,13,119,65,24,-28,-30,123,-90,-72,-95,13,-12,101,30,-22,-104,58,63
72,-79,126,19,27,51,27,-31,-16,71,108,-7,-26,-109,-78,-100,-21,123,80,1,-98,118,77,80,-105,18,-58,-53,-95,16,-70,64,29,-88,-115,77,-110,119,55,66,-118,-10,-44,-100,27,-46,89,-114,-6,109,-91,73,87,-128
72,-84,102,-106,102,-122,15,35,22,-127,-86,-2,120,-95,-66,102,-101,-21,63,-72,110,50,107,-110,-103,-117,0,-74,22,57,87,125,27,1,63,-110,31,70,-99,-72,58,15,107,121,-43,-12,59,-92
72,-87,76,-126,26,11,18,63,44,-123,-54,104,126,39,74,-124,56,-23,101,-28,-80,15,88,-102,-37,-31,-5,-65,-112,38,126,74,98,-25,7,37,-15,-67,30,-55,11,23,4,117,-42,-108,-128
72,-89,86,76,5,49,-10,0,81,6,40,-56,-34,-13,126,8,105,-87,-22,-101,-42,-127,-110,2,42,-114,55,27,-51,97,47,-125,76,-3,-44,-111,94,-122,-74,35,81,-116,-40
72,-78,-89,99,114,-29,-31,-68,89,-30,-17,63,-60,-86,73,22,18,84,98,115,21,-64,-59,-68,-39,-14,-18,-58,-110,-104,-100,44,-62,61,21,117,120,-27,-49,-83,-102,6,-92,35,-47
72,-74,87,-26,104,49,72,94,28,94,-75,123,66,107,28,-6,-13,-122,-125,-41,71,88,-128,-35,-82,99,101,96,105,-112,6,109,111,23,-15,-51,-43,112,105,-13,121,111,-97,64,-18,-72,43,111,9,-102
72,-76,-60,-77,11,29,-120,-111,-53,37,-13,-35,-120,-89,88,116,60,14,-71,-81,-83,71,123,49,98,6,43,-102,124,8,62,-74,-101,81,-5,-17,125,-92,119,-37,-45,84,55,-70,98,-6,-128
72,-82,98,-108,105,72,5,-93,-3,-45,62,-8,20,-92,39,70,-49,81,122,-101,-45,82,78,-108,-111,-103,46,51,15,-29,51,19,66,93,-94,-25,47,-37,-36,25,-13
72,-86,-9,-76,68,-108,-38,-29,-26,116,50,-80,7,119,3,36,-89,-87,3,15,-111,-47,55,65,121,-120,71,102,-47,-26,10,-75,28,9,84,-122,-10,-119,30,-30,62,59,-10,61
72,-87,-98,5,-58,-36,-46,76,59,-33,-60,-23,-23,0,-68,-6,-77,-11,90,-69,76,-61,108,-52,80,-57,58,62,73,-22,-37,-56,107,96,-24,124,-28,-85,121,-28,-70,5,120,-13,72,-38
72,-74,87,-112,51,31,29,-125,57,35,-52,34,-124,-89,52,-90,42,51,28,-54,42,-22,-122,89,-22,-68,-71,-36,120,37,-96,-7,-111,89,72,37,57,50,-119,47,-81,-74,-15
72,-124,-33,110,64,-6,-56,63,40,-127,-79,-66,-7,18,-121,-96,27,10,-90,87,-94,41,88,55,33,-23,103,114,34,-69,-34,72,75,100,-23,-100,14,17,37,118,-12,-127,-127,-82,-126,59,-128
72,-76,-58,119,36,-34,91,87,66,35,-127,114,79,-6,61,-17,-83,49,37,39,-107,73,93,96,-28,123,100,48,56,-118,-56,-41,-106,-31,-18,-14,-77,-29,60,47,-35,-2,72,18,35,-80,-117,-128
72,-81,-48,126,62,20,-98,7,21,-4,-91,-85,20,-29,-44,65,105,-113,-103,17,-42,84,-102,-74,-50,13,-113,-118,-73,99,22,82,118,23,-93,-55,-124,5,-64,26,60,-56,-17,19,36,65,-125
72,-82,-124,60,-30,-13,127,-43,76,120,63,-112,71,49,62,-4,-116,28,-81,1,74,-87,-91,-73,-72,118,-119,-118,-119,82,27,109,36,-124,-66,49,-125,-85,-89,127,80,73,-73,40,-72,113,40
72,-84,93,92,-69,5,88,-42,99,37,-22,114,50,-115,33,110,-85,-94,-89,-104,-97,54,-75,-21,18,28,60,46,-24,-29,-77,-32,119,-28,92,-63,-7,105,-55,-112,-31,104,-18,-76,112,64
72,-87,108,17,-103,9,-33,31,58,65,-37,63,14,-85,-38,81,-87,31,25,48,-90,-124,78,-86,-23,107,-31,-43,71,41,34,-2,-122,-25,-62,-65,38,-56,89,-10,65,-67
72,-71,-6,-30,93,-55,-61,33,56,125,66,60,-41,-81,34,89,-103,75,20,24,27,-18,126,-94,-41,58,-21,58,-78,79,78,-63,-49,-12,77,-11,-116,46,30,63,-124,-103,59,-51,14,-10,-120
72,-79,74,-21,-22,67,-27,97,88,-34,-44,-69,-45,99,-57,119,47,30,-62,15,-109,102,49,84,-110,29,-98,-50,104,-26,45,-73,-24,-56,-21,12,28,114,52
72,-87,-89,79,23,-29,86,10,-51,-79,100,52,-52,-125,101,-19,-3,95,37,77,-118,5,-108,-123,54,-45,-119,73,-27,-117,-18,103,53,25,-95,-67,10,68,-27,92,-83,114,-20
72,-87,1,38,48,-42,2,32,-45,70,117,19,42,28,74,68,7,69,-55,-115,113,43,65,101,118,0,-85,-76,62,-20,-17,-95,52,-52,115,102,8,24
72,-90,0,-118,31,-96,-94,-67,-107,117,42,23,-26,-74,92,6,9,-33,86,-40,-46,-44,13,-30,-128,-123,-86,0,110,75,39,-74,98,112,-38,94,74,51,-40,-64,107,-66,-27,101,-23,71,8
72,-92,-29,49,-39,-51,105,-26,-45,-32,26,-98,23,-40,120,-96,42,-114,39,-40,-28,-90,-59,100,87,33,-70,21,21,-30,-7,97,-103,118,-15,83,-65,96,-13,41,86,63,-89,-78,108,-50
72,-93,-101,88,47,64,-1,127,57,26,-84,-49,53,-91,81,93,123,107,-61,104,80,26,118,90,50,58,102,-69,-52,109,-106,-43,-82,-125,-62,12,26,31,75,-116,69,82,-14,46,-51,-111,107,57,22,-5,-93
72,-86,55,44,-32,81,81,124,29,43,90,-85,-97,64,28,13,-86,-117,96,-15,-79,-117,-117,38,26,-78,-117,85,-37,-117,-72,34,-64,-105,-125,72,94,-73,33,54,35,70,77,-10,9,76,-2
72,-100,-26,109,101,43,100,-22,-101,102,69,35,-66,-7,108,-17,56,-20,-5,79,-29,105,33,41,-83,94,97,93,123,-68,97,-60,54,73,0,-62,-68,106,-11,74,-15,33,33,85,-91,-79,26,-96
72,-101,40,99,-4,99,-65,-111,76,72,118,-120,4,45,63,-3,-85,-83,34,100,44,-79,112,118,-102,-6,111,34,-63,27,-84,-65,83,3,-18,64,-46,-46,-105,-64
72,-101,1,86,127,-74,-91,-31,124,77,3,4,-51,-38,-60,38,84,-77,55,22,-30,81,-76,-10,124,-11,2,59,34,-79,21,98,2,-29,77,-127,-63,12,49,99,112,-36
72,-120,97,-97,-68,-9,-39,-93,127,-57,30,72,-26,63,-106,33,-39,-4,1,11,-82,-40,-88,-62,-73,15,-63,126,-82,-3,103,-33,36,-70,-22,-100,-23,-127,-55,77,-41,56,8,-81,-87,36
72,-128,-60,-93,51,22,-2,-57,126,14,-76,-22,9,6,124,-76,70,-106,53,47,101,91,-104,67,-61,-107,-62,-114,84,-48,-65,-58,39,-79,58,20,92,81,25,-43,-42,-37
72,-120,97,-97,-80,58,22,34,76,-79,-69,-99,-15,-33,-43,9,0,60,123,4,122,13,-22,40,85,-13,-13,-101,78,-62,72,-29,26,-87,-122,-94,-5,20,35,81,-10
72,-127,84,-29,-35,110,-22,-64,54,97,21,70,55,-27,7,50,-100,38,-95,120,37,-36,4,-17,-12,-106,124,77,-72,-35,23,81,54,118,20,-117,103,-92,-112
72,-121,61,-53,-89,-51,-116,-94,-55,65,90,-112,98,-31,117,72,72,-106,103,98,-62,118,55,-78,-122,-77,116,61,25,-67,123,46,57,17,25,-6,12
72,-121,28,49,6,-13,42,104,70,-9,-36,73,43,-25,-80,126,116,58,7,-30,83,81,59,-31,74,60,-106,-5,-59,-82,-1,-71,90,58,0,-64
72,-122,-5,49,65,90,-9,101,-58,57,-31,-79,96,0,16,-65,-33,-92,-108,-92,-109,-78,-15,-110,-46,-70,-57,16,89,-65,-108,-23,69,38,105,15,40
72,-122,-5,-7,-73,53,-17,-62,-4,-10,57,92,88,8,-40,-79,-32,-111,103,41,-52,4,54,72,81,80,46,29,-20,-63,-19,62,54,15,-86,-24,-57,-112
72,-122,-12,-34,-63,115,-82,82,-11,-19,-109,-78,102,126,-74,23,-114,-4,100,23,117,-78,43,-113,113,-54,-103,29,21,-5,101,-128
72,-122,-44,-111,11,-112,123,37,-81,-121,126,-28,-22,-80,115,23,10,107,-116,111,54,117,121,-102,-20,3,-80,127,-109,25,-17,95,-76,-110,48,-117,15,-6,55,40
72,-122,-44,-112,81,52,-72,108,-100,75,-90,-93,-71,20,82,-79,88,-58,97,-93,-52,84,63,67,-81,-118,-58,73,-59,62,82,117,101,-94,-18,10,24
72,-122,-51,-119,-114,77,-41,73,96,-127,-105,-96,-8,-80,-79,-105,47,82,61,-98,91,-124,41,83,-67,-97,-96,116,88,-51,-118,-48,-14,19,88,-57,15,-114
72,3,96,7,113,88,-96,-52,96,3,-3,113,-70,-41,-10,93,-99,19,-59,62,-112,-44,-76,23,-108,-127,83
72,21,115,-66,-119,-72,81,78,95,22,-10,2,27,22,38,85,-103,110,64,15,-96,-11,9,-20,17,56,66
72,20,-31,-72,-29,-94,-80,-106,124,-20,59,62,-90,2,25,-39,-111,55,-74,-10,76,-9,-70,127,4,-120,-122,35,-123
72,18,91,-91,-32,-78,56,-26,111,-49,3,37,83,-58,17,67,-125,124,110,-46,43,-76,97,85,-21,74,62,54,95,124,80
72,18,91,-87,96,-8,-25,-87,-104,-87,-20,-17,-4,-97,54,63,-34,24,32,86,-81,-10,-72,-116
72,17,-65,-63,56,63,33,-56,90,-81,69,5,-107,63,63,88,30,-42,48,-59,-101,98,-79,-109,73,1,-26,-64
72,15,54,-96,-64,58,-64,-70,-60,33,-64,-37,95,122,118,106,14,-115,15,-73,75,92,-6,-65,-25,124,-9,-33,0,-24,-22
72,15,54,45,-124,70,-63,44,-12,-81,109,80,56,-76,29,14,39,-38,73,71,18,-15,43,-64
72,15,55,10,-43,-81,32,-71,-118,-45,-75,59,19,121,0,1,10,65,-92,78,-106,52
72,14,86,-86,1,-128,80,-124,-111,28,56,16,56,45,48,-117,-96,81,-33,25,-40,-128
72,6,-29,114,39,-31,62,83
72,6,-29,121,-59,18,-9,-68
72,6,-29,121,-59,18,-9,-68
72,6,-29,114,39,-31,62,83
72,6,-29,114,39,-31,62,83
72,6,-29,121,-59,18,-9,-68
72,6,-29,121,-59,18,-9,-68
72,6,-29,114,39,-31,62,83
72,6,-29,114,39,-31,62,83
72,6,-29,121,-59,18,-9,-68
72,6,-29,121,-59,18,-9,-68
72,6,-29,114,39,-31,62,83
72,6,-29,114,39,-31,62,83
72,6,-29,121,-59,18,-9,-68
72,6,-29,121,-59,18,-9,-68
72,6,-29,114,39,-31,62,83
72,6,-29,114,39,-31,62,83
72,6,-29,121,-59,18,-9,-68
72,6,-29,121,-59,18,-9,-68
72,6,-29,114,39,-31,62,83
72,6,-29,114,39,-31,62,83
72,6,-29,121,-59,18,-9,-68
72,6,-29,121,-59,18,-9,-68
72,6,-29,114,39,-31,62,83
72,6,-29,114,39,-31,62,83
72,6,-29,121,-59,18,-9,-68
72,6,-29,121,-59,18,-9,-68
72,6,-29,114,39,-31,62,83
72,6,-29,114,39,-31,62,83
72,6,-29,121,-59,18,-9,-68
72,6,-29,121,-59,18,-9,-68
72,6,-29,114,39,-31,62,83
72,6,-29,114,39,-31,62,83
72,6,-29,121,-59,18,-9,-68
72,6,-29,121,-59,18,-9,-68
72,6,-29,114,39,-31,62,83
72,9,-12,-18,-93,25,-25,114,117,53,-9,15,-36,-29,14,-107,5,51,-123,-125,-21,-107,-128
72,-122,34,-72,-78,-46,13,-47,42,-101,-21,106,28,53,-1,-41,122,111,113,79,126,-83,-22,-107,98,91,5,48,51,44,110,-89,55,-128
72,-128,48,-80,-29,-90,-68,102,118,49,39,27,-8,-33,39,-42,-29,103,-127,55,115,-1,-107,-64,-51,-78,-76,-72,-104,102,-58,45,-90,93,-24,51,-64
72,-127,124,-114,-102,48,-107,115,24,22,101,-76,124,77,-41,86,-10,103,-114,-127,17,11,18,-55,-52,-69,-94,-26,30,106,111,-126,115,-48,16,16,76,-54,92,36,-100,108,-5,77,-78,20,61,-74,-1,-44,-56,71,-128
72,-77,15,-36,14,-15,-116,-70,65,-30,-118,90,-24,-125,-91,45,14,-28,-27,-104,-48,-21,-119,30,-105,-57,-116,53,-90,-76,-21,-111,-115,76,-99,-116,90,-51,81,-44,-102,-40,-34,-122,31,102,-63,62,15,-55,122,-21,-81,70,90,90,48,1,-7,107,94,98,-95,-45,116,-117,-15,15,46,-40,86,88,-76,-117,69,83,51,-128,-96
72,-88,-7,-76,71,-67,-90,65,-71,24,-42,-95,-49,118,34,25,-58,7,-56,77,31,-124,-66,95,-61,59,92,47,4,-55,104,95,124,16,-80,9,-62,73,50,-40,-47,-8,96,-3,-79,31,-74,-52,126,-5,77,78,-107,40,0,74,-103,118,86,-80,67,-112
72,-91,45,-33,96,-94,-49,26,101,40,34,-26,35,-71,23,-31,32,100,100,4,-81,12,116,-80,127,92,-5,47,83,57,109,-84,78,107,15,-30,-32,92,87,98,-121,-41,102,89,-1,117,78,-104,105,-4,-92,-57,72,5,10,44,-117,19,84,-110,125,86,-42,23,-12,-126,106,43,2
72,-93,-45,-61,107,-117,-46,-52,-27,32,92,-92,-106,-10,-11,-86,124,-68,-29,-105,109,-77,75,-11,6,103,-71,-79,26,100,-11,-14,-11,109,0,122,-105,114,-21,124,-110,-12,-50,-37,-62,38,59,-54,-103,-96,8,-16,-81,-81,39,-88,-57,-85,-43,119,-64,-81,60,-109,78,-128
72,-86,6,117,11,-8,-91,57,91,-3,-81,39,-105,51,-2,-116,73,-77,-80,-113,82,17,91,-49,-27,-95,117,-14,-1,-120,34,-28,-20,91,106,94,8,41,11,54,123,84,105,19,-77,117,30,-122,48,-4,-100,115,-63,85,79,-112
72,-90,-25,-107,-119,73,-123,14,-27,-19,72,26,-111,60,53,-70,-81,-34,-71,109,54,41,36,34,0,-1,101,45,82,-113,-54,-75,12,32,21,111,46,-29,17,-94,18,-22,-4,-37,-5,15,-89,-54,17,0,23,-99,58,49,118,111,-2,18,127,-25,-80,30,-112,116,81,114,-46,-47,111,103,8
72,-77,20,-56,14,66,-29,58,-128,-26,114,69,-125,-45,-56,-104,-75,-63,-117,111,88,43,18,123,39,77,100,58,-20,-61,-23,56,6,-43,1,56,-19,-44,36,-19,-35,-65,98,127,97,62,28,72,100,-29,-85,12,105,-61,-122,63,74,-41,-39,101,11,-51,-51,-27,91,32,-109,48,98,-8,8
72,-82,84,101,-65,112,55,125,117,-13,-78,66,87,-114,4,14,83,-3,74,-59,48,-32,7,-46,-20,-14,-91,-126,60,104,-57,-54,99,-120,15,-30,64,-107,49,123,-54,29,-103,-124,46,-18,-29,-32,-58,28,16,-31,-49,57,60,3,118,44,-124,103,112,-115,-128
72,-85,25,68,105,-28,99,-28,108,78,-126,20,60,-53,95,-116,-48,8,97,-82,57,117,-40,-123,-47,-71,-107,2,33,84,-110,13,-82,88,30,38,18,120,-96,-90,-95,104,-2,113,-33,69,-37,98,-125,39,-69,55,-98,-30,25,-100,-34,-128
72,-89,90,-126,-20,-33,34,-86,84,42,15,9,116,-81,46,-113,64,-7,121,44,56,-113,25,-50,49,93,-84,-109,118,-115,-115,-107,78,99,104,97,39,40,-102,-62,58,99,12,-105,78,71,-13,-72,97,110,86,-101,-104,20,71,-98,-47,60,27,53
72,-90,2,28,65,70,-3,113,70,84,-85,-49,-69,-63,117,-17,41,116,33,-104,-110,-94,-101,48,41,14,-38,-6,-74,21,-87,-24,101,12,88,-67,41,85,108,34,118,-36,-83,-67,-119,-76,-93,-44,0,59,-102,-113,54,22,48,-78
72,-78,-53,12,48,-4,-2,85,104,74,58,-116,-126,57,119,35,8,-122,121,11,76,-106,36,101,-11,-99,-88,32,-51,-117,80,-18,-110,99,-127,-105,-122,-78,-94,-97,-15,-57,-57,53,-56,-96,122,-45,67,-118,-52,-37,51,108,-38,-53,10,50,-56,-89,113,123,87,44,-86
72,-76,-20,15,-5,38,115,6,88,117,-122,67,-104,117,-119,-8,-46,-90,-50,-117,-37,-80,122,82,93,-21,17,-55,-68,-72,47,-107,47,1,1,-45,56,-125,88,116,-110,-115,-87,-56,42,-97,60,86,72,111,-53,-118,-119,-109,-120
72,-81,-40,125,-16,-65,-69,4,70,-93,-11,72,-32,-81,43,-19,-63,-90,67,13,50,-94,90,81,64,-95,97,-102,-44,47,-55,62,-107,-38,-41,95,46,89,-103,-21,71,13,44,-16,-101,-117,64
72,-82,-74,96,-44,-55,114,22,-110,-124,-113,-96,99,28,21,83,-67,-100,-86,28,-6,-109,42,19,11,-2,31,-106,-10,40,-68,-61,107,-123,65,-75,1,44,49,-20,23,-74,-114,-22,18,38,55,18,29,35,-4,95
72,-84,-55,-17,28,-39,-69,30,-84,-12,-113,104,-68,8,48,-9,-75,-15,109,60,-59,-50,-42,-70,-11,119,-125,75,118,9,26,74,-12,-113,-105,119,-118,-90,-116,-42,-40,-63,-39,-93,82,81,98,-2,-64
72,-87,-98,28,-30,62,81,-66,-47,41,-122,-3,12,76,100,110,-22,-50,105,99,-23,9,50,-124,65,-77,-69,-21,-122,-14,51,63,117,-77,121,79,100,49,-44,-40,-74,28,27,62,28,85,-18,64
72,-87,-121,14,-103,-15,0,-91,117,58,69,-34,-76,-125,59,-36,81,65,41,-23,68,-124,-24,122,-64,-42,127,-17,-100,-44,-101,-120,115,-23,102,67,10,-66,-47,-23,-113,62,9,-91,84,-89,5,-14,110,-121,64
72,-70,-30,34,99,109,-105,-128,20,-94,-97,106,3,-81,-68,-9,-8,-78,-27,119,126,-125,106,-124,-119,-77,74,109,83,-63,-68,-26,33,-73,99,-68,98,17,0,-62,-50,-111,94,-96
72,-78,-2,-38,-56,39,121,-32,50,-1,-58,31,-57,-112,66,127,22,-27,78,67,-49,43,46,122,81,-15,97,36,-5,50,89,-113,8,16,-114,-27,71,3,-124,-60,66,-115,-89,69,-88,108,94,56
72,-85,24,44,110,-88,108,-45,25,-26,-47,13,124,115,-2,-43,-2,-79,-12,0,76,-11,67,83,-45,-99,60,-56,-22,-14,111,-117,45,-19,-109,98,120,59,-125,12,-40,39,50,41,-71,-94,-120,-34,-112,59,-93
72,-91,-26,72,113,-100,-11,-70,-116,12,116,78,18,52,91,126,-111,40,-99,-62,-65,-44,78,7,-38,13,-30,36,-76,-83,-109,-16,6,-26,31,-93,119,-123,-110,-36,-30,-119,72,-38,-126,36,27,-50,122,-118,65,-54,-128
72,-91,38,-30,103,108,-25,72,-1,39,-36,-61,-53,24,-95,-56,66,117,-99,27,-116,-87,39,109,-102,41,-83,105,0,-97,41,120,116,118,-35,-1,98,22,17,46,31,65,118,-7,123,126,71,28,-71,-79,-14,-48,-54,-119,62,-55,-60,-29,-71,-45
72,-91,125,-71,-13,-115,-52,4,-38,-3,91,40,41,-107,-49,-30,34,-54,95,-43,75,53,73,-83,-21,73,119,127,-76,40,76,-57,-34,84,-60,-20,57,-111,-50,81,-60,-78,82,-23,65,1,-38,-89,109,-96
72,-93,-34,-92,-35,36,101,-104,92,-106,-39,-116,-45,-95,92,-11,33,-16,42,71,21,47,-104,-28,-123,14,-110,41,-68,122,-96,-7,92,-10,52,-9,75,76,27,112,-43,93,91,-11,-122,-10
72,-74,91,44,-77,32,-105,-23,-25,93,50,-121,-71,-70,-65,120,-59,90,-92,38,109,125,-70,-78,-50,-5,29,-20,-6,68,126,-44,-128,105,58,101,69,95,56,-120,88,-52,-46,-116,25,84,-101,-56
72,-87,106,41,119,61,-26,-34,-46,46,56,114,98,108,71,-18,68,-32,-102,-113,110,115,-62,-42,-3,-113,-22,32,-106,-53,-35,-55,72,-10,35,-24,119,96,43,88,55,33,117,0,87,3,85,43,13,-44,-36,70,-57,95,101,-128
72,-89,-40,-48,-83,122,-60,-74,-7,50,116,124,108,71,103,118,-101,-89,-36,-22,-105,109,52,16,117,-72,93,97,127,-42,-113,-66,59,104,-27,124,6,23,84,94,-120,8,118,41,107,-97,-41,-97,74,-90,60,-43,-94,104,102,107,-85,-77,-82
72,-89,-40,-44,69,-124,-99,4,-29,63,30,70,-10,-116,-25,-100,31,72,113,63,46,-13,110,-13,-95,-101,-5,-21,1,71,73,85,90,-102,64,92,-26,14,52,115,-118,-67,22,96,-91,-113,10,80,-26,109,-121,-62,44,-57,-38,29,67,4,23,-16,-108,74,64
72,-89,-41,54,-57,-128,56,31,-11,-52,76,-28,82,113,-58,93,98,127,18,52,3,51,-31,75,-13,-7,80,-62,4,98,92,119,-126,94,-94,-89,-61,8,86,-69,96,-20,-21,-49,81,107,115,-64
72,-89,-40,-69,67,-26,-38,-44,88,-8,-71,95,-21,10,-61,-111,46,4,94,111,-86,-24,39,-21,-108,78,-11,-28,-110,68,107,35,-40,50,-33,48,-70,104,-32,24,87,-23,-93,29,-53,48,-21,2,-122,-47,-124,92,-45,71,-22,-23,-33,-77,105,-90,-32,-26,32
72,-74,93,-29,28,1,6,88,33,-43,19,110,-117,1,57,-75,-105,10,-76,70,-19,79,118,106,87,-16,-26,-83,1,2,-21,-88,122,101,39,-88,84,-27,-52,54,17,-84,87,-76,-87,68,-128
72,-79,116,71,-19,-30,-87,-78,71,6,64,71,-78,-17,-105,-31,45,-10,28,117,-127,20,-92,-70,88,-103,-64,-125,-57,-61,29,125,-33,-103,45,-20,83,37,-108,-38,58,-123,94,-99,-116
72,-86,-3,29,-17,26,-89,120,-53,-55,-30,123,-43,126,-114,27,104,-79,-9,53,123,57,-101,-17,-44,62,33,-124,-22,55,-20,-10,-13,52,-41,89,4,-20,102,-32
72,-87,-99,-37,-60,52,68,-31,-37,-65,-102,107,57,88,29,-81,-14,-68,37,-54,-52,-19,91,14,-34,-59,60,111,-36,3,55,69,62,20,29,-68,66,69,-59,-108,-107,102,35,-104
72,-87,62,25,38,-64,65,22,10,102,23,29,43,7,52,116,126,-39,-21,84,76,-100,49,-37,109,-64,121,-86,-92,-126,-20,40,46,-96,-60,-96,88,36,-51,4,53,80
72,-90,111,49,19,103,106,87,20,86,-33,55,114,-93,126,-77,106,36,-42,-110,42,-127,-62,54,22,-20,92,-74,15,-106,58,98,68,127,0,-78,-110,86,-62,39,-41,-72,-128
72,-91,39,36,29,78,81,-95,-66,83,-112,-113,-86,-10,127,-16,-94,120,-88,-40,-29,20,-27,33,-116,-71,24,2,-115,101,56,69,8,-4,58,32,126,97,47,-88,-54,-82,-12,1,126,-73,-27,28,-128
72,-86,62,26,-22,115,108,126,-62,112,23,4,-58,72,125,-85,-112,-69,-29,106,113,41,-89,32,-97,18,-101,17,80,126,21,-4,110,59,32,-124,-87,-119,101,93,-122,-74,-56,-74,12,-85,-40,55,107,75,7,66,-48
72,-89,-21,44,105,58,45,5,-96,-77,6,64,39,-121,77,-105,-64,8,-119,-29,44,-17,-43,-42,90,71,-48,-114,62,-108,-8,-110,-111,-23,75,79,-71,-14,94,-70,65,123,32,88,60,50
72,-89,-40,-19,6,-20,-27,-47,110,-114,-119,-119,52,78,-50,69,-50,40,64,79,-114,-60,90,94,25,-99,107,15,94,-73,-33,6,66,-122,-115,69,-46,7,-114,96
72,-89,-40,-69,60,117,-25,76,-120,39,-87,6,-112,14,87,5,72,-18,25,127,124,60,-70,47,62,92,13,74,103,54,-65,110,-70,48,-124,44,30,18,-87,35,-79,-49,-3,-75
72,-89,-77,-56,-95,-119,108,119,-6,80,75,103,-4,-112,27,105,-101,-15,-122,-114,76,11,24,14,-16,7,-55,52,55,8,119,55,67,83,41,127,-38,-3,116,104,16,110,-12,36,-118,11,-18,-48
72,-90,97,113,68,-1,-36,-55,6,-2,-102,-90,76,43,-82,36,-53,50,80,70,96,-89,75,-95,-127,26,-52,-114,6,-78,91,41,-25,107,-89,9,39,114,120,-27,45,32,-108,64
72,-76,110,119,-18,-70,-87,66,8,10,75,58,57,91,66,-28,4,-87,31,6,-91,-45,107,68,-122,32,-106,85,41,76,-110,71,-40,-62,-63,-7,-29,-15,103,-34,60,-71,-15,-20,-111,81,71,102,-6,100
72,-87,-98,5,-58,-36,-46,117,99,-26,-53,87,-87,-68,111,104,-10,123,38,50,-8,114,81,-51,95,100,109,-77,-19,-13,74,-5,-13,-120,109,-86,13,-92,-3,48,-18,101,91,50,-66,-52
72,-87,122,-19,1,-10,-78,-118,80,70,38,-70,82,-37,116,-117,-7,116,-83,33,-8,-111,-118,18,72,123,-72,82,-123,69,-113,88,91,-36,26,74,24,-36,78,-18,-107,52,125,-28,-107,35,-50,-78,-71
72,-88,-9,-50,123,117,74,61,-70,-59,18,-18,-89,-52,14,45,1,24,101,-79,-16,121,-99,-10,-100,19,87,96,41,-78,-110,-127,-24,105,-11,96,-40,-11,64
72,-90,111,74,86,-3,-5,-46,-109,-19,-109,55,-106,52,60,-105,87,-8,7,20,21,52,69,28,93,-87,-120,96,-127,47,-125,99,42,-36,4,-7,-31,-90,23,-107,-64
72,-91,39,34,83,-110,-72,121,22,95,24,62,4,-36,113,-90,-44,-19,-7,-124,-58,17,-90,-124,49,-17,-123,-37,16,2,-128,36,-125,-55,-68,52,42,-27,83,52,117,101,-42,-37,-2,48,74
72,-91,12,-108,38,-7,-63,24,4,-102,-115,-58,-63,-67,-24,-36,-48,46,-126,-2,-37,-5,51,-19,-50,-25,-68,12,117,-128,-44,-25,-86,96,58,-25,32,-18,118,108,126,88,63,105,-74,97,-68,-102,-16
72,-71,16,-20,-89,66,0,-111,84,118,-50,89,-50,73,-10,29,-47,6,107,65,-47,-111,7,-112,-35,-62,-6,81,-117,79,47,-25
72,-83,-15,122,7,-60,-81,-106,-14,55,109,-93,99,-78,-114,-57,32,-72,118,-28,37,76,-60,48,48,-111,101,-1,28,108,29,-16,-108,-115,-59,-118,112,4,-85,111,120,44,23,105,-90,-80,-76
72,-89,90,-102,86,-5,-125,-5,-33,-39,-47,112,113,112,-93,124,4,-101,-21,64,14,114,7,-77,63,52,-73,-124,-5,91,-122,-36,6,-82,-7,-28,34,-113,99,118,-70,-59,-97,-2,-4,64,-48,109,120,-110
72,-90,72,5,44,113,-42,38,58,-122,117,-92,96,-29,69,-79,35,14,-123,-2,112,106,-51,74,-26,-98,-88,48,70,-65,-85,-80,-112,57,-123,-65,113,-30,26,-9,-59,91,77,-86,-15,47,-82,-49,124,-128
72,-91,46,6,-8,-61,-88,-24,121,12,-3,-65,-52,-9,-46,32,84,5,91,97,-65,70,50,-121,-66,-1,-92,42,-1,-117,111,-37,40,82,-83,58,-16,-11,-27,-121,8,91,-25,80
72,-92,-25,-30,20,91,-99,46,11,-114,124,121,-60,40,-68,-39,-79,84,-47,-116,112,20,-112,-3,-79,-42,111,60,6,-18,-94,-10,-37,-43,-35,0,62,-16,117,35,-78,99,-107,-128,-8,-60
72,-93,-103,76,-55,42,3,20,88,16,103,-95,-28,14,-37,43,61,104,19,-48,24,121,-92,-8,-26,96,47,106,6,3,67,47,-59,107,-77,108,9,-105,105,-44,44,102,47,41,30,-35,-30
72,-72,44,98,113,62,18,107,90,12,-127,83,30,-33,-49,10,-6,68,-120,-1,60,40,-17,-86,0,-67,14,-124,25,-62,-42,24,75,-11,-123,-125,-51,118,70,-64
72,-83,-28,70,-79,39,-8,70,32,48,-73,71,60,73,-100,66,-113,84,-35,52,-121,27,-111,75,93,-25,37,-27,-85,24,-81,-90,-8,90,-125,-16,78,-74,-101,-69,-117,-5,71,90,55,91,-29,-26,117,-71,47,124,-36,92,-124,121,76
72,-94,-105,6,-93,16,-91,120,-31,-33,92,-51,83,-3,41,125,33,51,-111,-16,1,-76,-117,25,-79,50,8,-60,-21,-29,90,90,35,9,39,-117,116,64
72,-94,-107,-25,123,-74,33,-108,25,-41,-53,4,-82,-84,-64,-77,-25,-97,5,-58,-22,-119,-126,97,125,30,38,-127,-91,-79,77,-28,-109,-72,-105,-35,116,61,77,121,-96,39,19,7,-110,124,-16
72,-95,59,-111,-90,111,-111,-84,24,12,-117,-127,86,65,-17,-50,-65,80,-15,120,-94,-99,-116,54,57,-39,45,-105,-97,34,21,107,61,3,-67,22,-18,80,45,-127,-67,-16,-47,-5,-38,45,19,-88,64
72,-95,10,82,21,100,97,49,-19,-54,-122,-123,11,-58,-107,-20,100,101,-101,-13,126,55,115,25,97,-82,39,-105,-43,72,-33,-123,106,47,98,-92,28,84,50,82,34,72,-117,-64
72,-97,-62,17,-60,29,-101,-43,-35,-61,-31,-121,-95,-70,54,-3,61,-89,-63,-36,-57,-64,-75,-36,-89,-51,94,-58,120,39,-59,-84,-47,-87,1,-110,81,-58,23,50,49,-18,-128,-90,16
72,-91,117,-114,-3,71,126,-112,-82,-56,21,-101,125,92,-34,45,30,87,94,75,-51,38,90,95,-123,-125,-98,69,-78,-15,-117,-77,98,-100
72,-120,-89,80,25,-56,-21,73,25,-72,71,-18,-102,91,-62,-61,73,108,40,106,-47,-78,124,1,-13,-66,-17,36,103,-112,-41,-115,-14,122,-53,-55,71,64
72,-120,97,-97,-81,-71,-122,-108,-2,-46,21,-101,-36,47,-15,123,37,-21,82,100,76,92,-36,79,-53,-36,71,-22,-98,73,32,23,-120,127,80,104,-81,-92,-20
72,-120,63,64,38,34,48,-112,99,-22,115,-36,34,-106,-94,-30,90,-58,-64,-12,-37,11,94,81,9,2,-127,34,-6,-91,39,58,-107,-15,-10,42,21,-35,28,-9,54
72,-121,-13,107,-51,71,64,97,48,57,3,88,18,-84,-29,-60,-18,2,104,-59,3,-109,-27,-121,-102,-123,-84,-9,76,101,-2,-62,67,1,114,-112,-56
72,-128,-104,-112,96,60,-125,87,-114,125,19,66,-97,-101,-64,5,-122,-77,-70,-54,-79,101,-45,-30,-14,-66,-83,18,102,-112,9,-3,34,-14,-4,-104,-128
72,-128,-127,35,69,102,-69,70,121,-64,105,23,3,-110,-99,-126,31,-50,100,104,-45,-66,36,7,93,117,-109,84,-27,-79,20,-53,-24,-42,1,31,91,-111,-64
72,-121,110,88,67,2,-99,112,-117,-102,47,111,-17,-105,-2,13,-4,-27,-49,15,-112,43,-72,-14,125,28,-12,73,116,119,37,-4,121,8,22,102,37,4,121,-17,87,65,-128
72,-127,53,-24,-102,-28,13,-8,71,-74,-123,-56,72,-125,-86,-106,37,52,18,-114,88,33,-32,-96,-122,-98,-104
72,-122,-12,-40,-18,115,-91,-94,109,62,-114,-9,-75,-21,54,64,102,107,37,122,9,58,-42,-5,98,98,-44,114,-45,-75,-118,-115,81,79,-113,-49,-128
72,-122,-44,-112,80,-6,82,8,104,67,-36,-88,-60,-49,-14,-96,99,107,121,-98,-54,-103,-44,88,102,55,18,114,-12,2,-50,7,14,112,-25,-22,-79,108,-128
72,-122,-48,97,-54,-52,-62,-13,71,2,51,-85,-34,-78,-95,60,125,-24,51,-92,-8,-33,-104,103,-87,-56,44,28,-100,97,127,-42,-55,85
72,-122,-83,68,3,113,111,24,105,116,-35,-82,79,-62,-42,63,50,-95,-72,36,82,-58,46,-54,-40,64,78,-114,96,49,39
72,24,-107,-81,-10,-120,54,-89,-29,2,96,59,4,-58,-30,104,-67,-120,47,10,-125,70,38,-31,85,2,105,-48,-43,40,72
72,24,-107,-81,-78,-35,-32,-44,35,-1,-73,-98,45,116,115,98,57,-78,43,-92,-109,-13,-67,-8,67,-95,-28,-82,96
72,23,-107,8,-54,93,79,-7,-13,28,-40,89,-55,52,25,38,-90,-110,-91,79,81,-26,-85,-103,-128,12,55,-38,-24,62
72,21,115,-66,-120,-22,-27,45,-84,53,61,-29,-61,60,69,-116,-116,-20,119,-73,-94,78,-81,-34,68,-6
72,20,116,101,-50,112,-45,1,-24,-36,-123,104,-90,93,102,-39,-100,-111,-105,-54,-13,107,94,73,110,78
72,15,54,42,-63,99,80,-60,41,121,-119,-110,75,119,12,114,-23,-96,-19,-68,-122,-2,86,3,15,-40
72,15,54,-22,-49,124,79,88,30,125,106,22,47,-23,-21,72,-45,74,27,-97,-98,-128
72,13,57,-77,-46,20,61,-63,-25,122,68,-79,-123,70,-62,12,120,55,93,41,-45,14,95,-56,94,-96
72,13,57,-71,-127,87,19,-64,117,57,-120,-30,109,-97,65,-4,30,88,-113,92,-39,43,-89
72,13,57,-54,-32,54,121,119,-85,62,-42,95,-70,99,-128,-96,-54,-20,-115,-69,-60,-73,126,98,38,-120
72,12,58,-101,69,-128,109,-7,74,-61,86,29,88,95,39,-34,54,-48,-82,45,32,-48
72,12,58,-30,2,14,84,-45,35,-120,-1,-5,48,-107,113,-24,114,11,-42,-49,-65
72,12,33,83,-18,0,50,126,-100,115,-30,77,-113,-25,-6,113,-101,64
72,11,60,121,9,-110,-73,-28,-63,-106,28,-95,115,41,-45,-66,-99
72,9,62,-32,56,-104,90,-80,-110,-18,20,-113,-85,21,36,103,42,-32,108,102,112,-10,3,-72,-41,-30,-64
72,6,-29,121,-59,18,-9,-68
72,6,-29,121,-59,18,-9,-68
72,6,-29,114,39,-31,62,83
72,6,-29,114,39,-31,62,83
72,6,-29,121,-59,18,-9,-68
72,6,-29,121,-59,18,-9,-68
72,6,-29,114,39,-31,62,83
72,6,-29,114,39,-31,62,83
72,6,-29,121,-59,18,-9,-68
72,6,-29,121,-59,18,-9,-68
72,6,-29,114,39,-31,62,83
72,6,-29,114,39,-31,62,83
72,6,-29,121,-59,18,-9,-68
72,6,-29,121,-59,18,-9,-68
72,6,-29,114,39,-31,62,83
72,6,-29,114,39,-31,62,83
72,6,-29,121,-59,18,-9,-68
72,6,-29,121,-59,18,-9,-68
72,6,-29,114,39,-31,62,83
72,6,-29,114,39,-31,62,83
72,6,-29,121,-59,18,-9,-68
72,6,-29,121,-59,18,-9,-68
72,6,-29,114,39,-31,62,83
72,6,-29,114,39,-31,62,83
72,6,-29,121,-59,18,-9,-68
72,6,-29,121,-59,18,-9,-68
72,6,-29,114,39,-31,62,83
72,6,-29,114,39,-31,62,83
72,6,-29,121,-59,18,-9,-68
72,6,-29,121,-59,18,-9,-68
72,6,-29,114,39,-31,62,83
72,6,-29,114,39,-31,62,83
72,6,-29,121,-59,18,-9,-68
72,6,-29,121,-59,18,-9,-68
72,6,-29,114,39,-31,62,83
72,6,-29,114,39,-31,62,83
